time	I(V2)	I(V3)	I(V4)	I(V5)	Ib(Q1)	Ib(Q2)	Ib(Q3)	Ib(Q4)	Ic(Q1)	Ic(Q2)	Ic(Q3)	Ic(Q4)	Ie(Q1)	Ie(Q2)	Ie(Q3)	Ie(Q4)	Ix(u1:1)	Ix(u1:2)	Ix(u1:3)	Ix(u2:ANODE)	Ix(u2:CATHODE)	Ix(u2:REF)	Ix(u3:ANODE)	Ix(u3:CATHODE)	Ix(u3:REF)	Ix(u4:ANODE)	Ix(u4:CATHODE)	Ix(u4:REF)	Ix(u5:ANODE)	Ix(u5:CATHODE)	Ix(u5:REF)
0.000000000000000e+000	1.230938e-001	1.230938e-001	1.230938e-001	1.229586e-001	2.501562e-012	2.501562e-012	2.501562e-012	2.701559e-012	-2.502164e-012	-2.502164e-012	-2.502164e-012	-2.702161e-012	6.020057e-016	6.020057e-016	6.020057e-016	6.020105e-016	-4.751858e-005	-1.247431e-001	1.247906e-001	-6.335020e-006	5.000339e-006	1.334637e-006	-6.335020e-006	5.000339e-006	1.334637e-006	-6.335020e-006	5.000339e-006	1.334637e-006	-6.443320e-006	5.000387e-006	1.442889e-006
1.029296875000000e-001	1.229557e-001	1.230889e-001	1.229557e-001	1.229557e-001	2.704489e-012	2.507421e-012	2.704489e-012	2.704489e-012	-2.705091e-012	-2.508023e-012	-2.705091e-012	-2.705091e-012	6.020238e-016	6.020075e-016	6.020238e-016	6.020115e-016	-4.751780e-005	-1.247421e-001	1.247896e-001	-6.444994e-006	5.000519e-006	1.444474e-006	-6.338165e-006	5.000357e-006	1.337808e-006	-6.444994e-006	5.000519e-006	1.444474e-006	-6.444871e-006	5.000396e-006	1.444474e-006
1.180524553571429e-001	1.229453e-001	1.230673e-001	1.229453e-001	1.229453e-001	2.719611e-012	2.539149e-012	2.719611e-012	2.719611e-012	-2.720213e-012	-2.539751e-012	-2.720213e-012	-2.720213e-012	6.020219e-016	6.020135e-016	6.020219e-016	6.020141e-016	-4.751766e-005	-1.247419e-001	1.247894e-001	-6.453160e-006	5.000500e-006	1.452660e-006	-6.355398e-006	5.000416e-006	1.354982e-006	-6.453160e-006	5.000500e-006	1.452660e-006	-6.453083e-006	5.000423e-006	1.452660e-006
1.331752232142857e-001	1.229348e-001	1.230462e-001	1.229348e-001	1.229348e-001	2.734734e-012	2.569964e-012	2.734734e-012	2.734734e-012	-2.735336e-012	-2.570566e-012	-2.735336e-012	-2.735336e-012	6.020204e-016	6.020182e-016	6.020204e-016	6.020163e-016	-4.751752e-005	-1.247417e-001	1.247892e-001	-6.461330e-006	5.000485e-006	1.460845e-006	-6.372123e-006	5.000463e-006	1.371661e-006	-6.461330e-006	5.000485e-006	1.460845e-006	-6.461290e-006	5.000444e-006	1.460845e-006
1.482979910714286e-001	1.229244e-001	1.230258e-001	1.229244e-001	1.229244e-001	2.749856e-012	2.599866e-012	2.749856e-012	2.749856e-012	-2.750458e-012	-2.600468e-012	-2.750458e-012	-2.750458e-012	6.020195e-016	6.020215e-016	6.020195e-016	6.020180e-016	-4.751738e-005	-1.247415e-001	1.247891e-001	-6.469506e-006	5.000475e-006	1.469031e-006	-6.388342e-006	5.000496e-006	1.387846e-006	-6.469506e-006	5.000475e-006	1.469031e-006	-6.469492e-006	5.000461e-006	1.469031e-006
1.634207589285714e-001	1.229140e-001	1.230061e-001	1.229140e-001	1.229140e-001	2.764979e-012	2.628856e-012	2.764979e-012	2.764979e-012	-2.765581e-012	-2.629458e-012	-2.765581e-012	-2.765581e-012	6.020189e-016	6.020236e-016	6.020189e-016	6.020193e-016	-4.751724e-005	-1.247414e-001	1.247889e-001	-6.477686e-006	5.000470e-006	1.477216e-006	-6.404054e-006	5.000517e-006	1.403537e-006	-6.477686e-006	5.000470e-006	1.477216e-006	-6.477690e-006	5.000474e-006	1.477216e-006
1.785435267857143e-001	1.229036e-001	1.229869e-001	1.229036e-001	1.229036e-001	2.780101e-012	2.656933e-012	2.780101e-012	2.780101e-012	-2.780704e-012	-2.657535e-012	-2.780704e-012	-2.780704e-012	6.020189e-016	6.020244e-016	6.020189e-016	6.020201e-016	-4.751711e-005	-1.247412e-001	1.247887e-001	-6.485871e-006	5.000470e-006	1.485401e-006	-6.419259e-006	5.000525e-006	1.418734e-006	-6.485871e-006	5.000470e-006	1.485401e-006	-6.485883e-006	5.000482e-006	1.485401e-006
1.936662946428572e-001	1.228933e-001	1.229684e-001	1.228933e-001	1.228933e-001	2.795224e-012	2.684097e-012	2.795224e-012	2.795224e-012	-2.795826e-012	-2.684699e-012	-2.795826e-012	-2.795826e-012	6.020194e-016	6.020240e-016	6.020194e-016	6.020204e-016	-4.751697e-005	-1.247410e-001	1.247885e-001	-6.494061e-006	5.000475e-006	1.493587e-006	-6.433957e-006	5.000521e-006	1.433437e-006	-6.494061e-006	5.000475e-006	1.493587e-006	-6.494071e-006	5.000485e-006	1.493587e-006
2.087890625000000e-001	1.228829e-001	1.229505e-001	1.228829e-001	1.228829e-001	2.810347e-012	2.710348e-012	2.810347e-012	2.810347e-012	-2.810949e-012	-2.710950e-012	-2.810949e-012	-2.810949e-012	6.020203e-016	6.020222e-016	6.020203e-016	6.020202e-016	-4.751684e-005	-1.247408e-001	1.247884e-001	-6.502256e-006	5.000484e-006	1.501772e-006	-6.448149e-006	5.000503e-006	1.447646e-006	-6.502256e-006	5.000484e-006	1.501772e-006	-6.502255e-006	5.000483e-006	1.501772e-006
2.393136160714286e-001	1.228607e-001	1.229295e-001	1.228607e-001	1.228607e-001	2.842651e-012	2.740872e-012	2.842651e-012	2.842651e-012	-2.843253e-012	-2.741474e-012	-2.843253e-012	-2.843253e-012	6.020215e-016	6.020211e-016	6.020215e-016	6.020215e-016	-4.751660e-005	-1.247405e-001	1.247881e-001	-6.519753e-006	5.000495e-006	1.519257e-006	-6.464660e-006	5.000492e-006	1.464168e-006	-6.519753e-006	5.000495e-006	1.519257e-006	-6.519752e-006	5.000495e-006	1.519257e-006
2.698381696428572e-001	1.228393e-001	1.229086e-001	1.228393e-001	1.228393e-001	2.873827e-012	2.771396e-012	2.873827e-012	2.873827e-012	-2.874429e-012	-2.771998e-012	-2.874429e-012	-2.874429e-012	6.020224e-016	6.020204e-016	6.020224e-016	6.020224e-016	-4.751637e-005	-1.247403e-001	1.247878e-001	-6.536636e-006	5.000504e-006	1.536132e-006	-6.481174e-006	5.000485e-006	1.480689e-006	-6.536636e-006	5.000504e-006	1.536132e-006	-6.536636e-006	5.000504e-006	1.536132e-006
3.003627232142858e-001	1.228187e-001	1.228877e-001	1.228187e-001	1.228187e-001	2.903875e-012	2.801920e-012	2.903875e-012	2.903875e-012	-2.904477e-012	-2.802522e-012	-2.904477e-012	-2.904477e-012	6.020230e-016	6.020201e-016	6.020230e-016	6.020230e-016	-4.751615e-005	-1.247400e-001	1.247875e-001	-6.552907e-006	5.000510e-006	1.552397e-006	-6.497693e-006	5.000482e-006	1.497211e-006	-6.552907e-006	5.000510e-006	1.552397e-006	-6.552907e-006	5.000510e-006	1.552397e-006
3.308872767857143e-001	1.227989e-001	1.228668e-001	1.227989e-001	1.227989e-001	2.932794e-012	2.832445e-012	2.932794e-012	2.932794e-012	-2.933396e-012	-2.833046e-012	-2.933396e-012	-2.933396e-012	6.020233e-016	6.020202e-016	6.020233e-016	6.020233e-016	-4.751593e-005	-1.247397e-001	1.247872e-001	-6.568564e-006	5.000514e-006	1.568051e-006	-6.514216e-006	5.000483e-006	1.513733e-006	-6.568564e-006	5.000514e-006	1.568051e-006	-6.568564e-006	5.000514e-006	1.568051e-006
3.614118303571430e-001	1.227799e-001	1.228458e-001	1.227799e-001	1.227799e-001	2.960586e-012	2.862969e-012	2.960586e-012	2.960586e-012	-2.961188e-012	-2.863571e-012	-2.961188e-012	-2.961188e-012	6.020233e-016	6.020207e-016	6.020233e-016	6.020234e-016	-4.751572e-005	-1.247394e-001	1.247869e-001	-6.583609e-006	5.000514e-006	1.583095e-006	-6.530743e-006	5.000488e-006	1.530255e-006	-6.583609e-006	5.000514e-006	1.583095e-006	-6.583609e-006	5.000514e-006	1.583095e-006
3.919363839285716e-001	1.227616e-001	1.228249e-001	1.227616e-001	1.227616e-001	2.987250e-012	2.893493e-012	2.987250e-012	2.987250e-012	-2.987852e-012	-2.894095e-012	-2.987852e-012	-2.987852e-012	6.020231e-016	6.020217e-016	6.020231e-016	6.020231e-016	-4.751552e-005	-1.247392e-001	1.247867e-001	-6.598040e-006	5.000512e-006	1.597528e-006	-6.547275e-006	5.000498e-006	1.546777e-006	-6.598040e-006	5.000512e-006	1.597528e-006	-6.598040e-006	5.000512e-006	1.597528e-006
4.224609375000000e-001	1.227440e-001	1.228041e-001	1.227440e-001	1.227440e-001	3.012785e-012	2.924017e-012	3.012785e-012	3.012785e-012	-3.013387e-012	-2.924619e-012	-3.013387e-012	-3.013387e-012	6.020226e-016	6.020230e-016	6.020226e-016	6.020226e-016	-4.751532e-005	-1.247389e-001	1.247864e-001	-6.611858e-006	5.000506e-006	1.611351e-006	-6.563811e-006	5.000511e-006	1.563300e-006	-6.611858e-006	5.000506e-006	1.611351e-006	-6.611858e-006	5.000506e-006	1.611351e-006
5.146484375000000e-001	1.227124e-001	1.227462e-001	1.227124e-001	1.227124e-001	3.058878e-012	3.008879e-012	3.058878e-012	3.058878e-012	-3.059480e-012	-3.009481e-012	-3.059480e-012	-3.059480e-012	6.020228e-016	6.020231e-016	6.020228e-016	6.020228e-016	-4.751491e-005	-1.247384e-001	1.247859e-001	-6.636813e-006	5.000509e-006	1.636305e-006	-6.609747e-006	5.000511e-006	1.609236e-006	-6.636813e-006	5.000509e-006	1.636305e-006	-6.636813e-006	5.000509e-006	1.636305e-006
5.583426339285714e-001	1.226963e-001	1.227312e-001	1.226963e-001	1.226963e-001	3.082376e-012	3.030726e-012	3.082376e-012	3.082376e-012	-3.082978e-012	-3.031328e-012	-3.082978e-012	-3.082978e-012	6.020239e-016	6.020229e-016	6.020239e-016	6.020239e-016	-4.751473e-005	-1.247381e-001	1.247857e-001	-6.649546e-006	5.000519e-006	1.649027e-006	-6.621572e-006	5.000510e-006	1.621062e-006	-6.649546e-006	5.000519e-006	1.649027e-006	-6.649546e-006	5.000519e-006	1.649027e-006
6.020368303571428e-001	1.226809e-001	1.227162e-001	1.226809e-001	1.226809e-001	3.104835e-012	3.052573e-012	3.104835e-012	3.104835e-012	-3.105437e-012	-3.053175e-012	-3.105437e-012	-3.105437e-012	6.020247e-016	6.020230e-016	6.020247e-016	6.020247e-016	-4.751457e-005	-1.247379e-001	1.247855e-001	-6.661716e-006	5.000527e-006	1.661188e-006	-6.633400e-006	5.000510e-006	1.632890e-006	-6.661716e-006	5.000527e-006	1.661188e-006	-6.661716e-006	5.000527e-006	1.661188e-006
6.457310267857144e-001	1.226662e-001	1.227012e-001	1.226662e-001	1.226662e-001	3.126255e-012	3.074419e-012	3.126255e-012	3.126255e-012	-3.126858e-012	-3.075022e-012	-3.126858e-012	-3.126858e-012	6.020252e-016	6.020232e-016	6.020252e-016	6.020252e-016	-4.751441e-005	-1.247377e-001	1.247852e-001	-6.673321e-006	5.000532e-006	1.672789e-006	-6.645231e-006	5.000513e-006	1.644718e-006	-6.673321e-006	5.000532e-006	1.672789e-006	-6.673321e-006	5.000532e-006	1.672789e-006
6.894252232142858e-001	1.226522e-001	1.226862e-001	1.226522e-001	1.226522e-001	3.146637e-012	3.096266e-012	3.146637e-012	3.146637e-012	-3.147240e-012	-3.096868e-012	-3.147240e-012	-3.147240e-012	6.020254e-016	6.020236e-016	6.020254e-016	6.020254e-016	-4.751426e-005	-1.247375e-001	1.247850e-001	-6.684363e-006	5.000534e-006	1.683829e-006	-6.657065e-006	5.000516e-006	1.656548e-006	-6.684363e-006	5.000534e-006	1.683829e-006	-6.684363e-006	5.000534e-006	1.683829e-006
7.331194196428572e-001	1.226389e-001	1.226713e-001	1.226389e-001	1.226389e-001	3.165981e-012	3.118113e-012	3.165981e-012	3.165981e-012	-3.166583e-012	-3.118715e-012	-3.166583e-012	-3.166583e-012	6.020253e-016	6.020241e-016	6.020253e-016	6.020253e-016	-4.751411e-005	-1.247373e-001	1.247849e-001	-6.694841e-006	5.000533e-006	1.694308e-006	-6.668901e-006	5.000522e-006	1.668380e-006	-6.694841e-006	5.000533e-006	1.694308e-006	-6.694841e-006	5.000533e-006	1.694308e-006
7.768136160714287e-001	1.226264e-001	1.226563e-001	1.226264e-001	1.226264e-001	3.184286e-012	3.139960e-012	3.184286e-012	3.184286e-012	-3.184888e-012	-3.140562e-012	-3.184888e-012	-3.184888e-012	6.020248e-016	6.020248e-016	6.020248e-016	6.020248e-016	-4.751397e-005	-1.247372e-001	1.247847e-001	-6.704756e-006	5.000529e-006	1.704227e-006	-6.680741e-006	5.000529e-006	1.680212e-006	-6.704755e-006	5.000529e-006	1.704227e-006	-6.704756e-006	5.000529e-006	1.704227e-006
8.205078125000000e-001	1.226145e-001	1.226414e-001	1.226145e-001	1.226145e-001	3.201552e-012	3.161807e-012	3.201552e-012	3.201552e-012	-3.202154e-012	-3.162409e-012	-3.202154e-012	-3.202154e-012	6.020241e-016	6.020257e-016	6.020241e-016	6.020241e-016	-4.751383e-005	-1.247370e-001	1.247845e-001	-6.714106e-006	5.000521e-006	1.713585e-006	-6.692583e-006	5.000537e-006	1.692046e-006	-6.714106e-006	5.000521e-006	1.713585e-006	-6.714106e-006	5.000521e-006	1.713585e-006
8.540457589285715e-001	1.226145e-001	1.226308e-001	1.226145e-001	1.226145e-001	3.201552e-012	3.177485e-012	3.201552e-012	3.201552e-012	-3.202154e-012	-3.178087e-012	-3.202154e-012	-3.202154e-012	6.020236e-016	6.020253e-016	6.020236e-016	6.020236e-016	-4.751380e-005	-1.247370e-001	1.247845e-001	-6.714101e-006	5.000516e-006	1.713585e-006	-6.701076e-006	5.000534e-006	1.700542e-006	-6.714101e-006	5.000516e-006	1.713585e-006	-6.714101e-006	5.000516e-006	1.713585e-006
8.875837053571429e-001	1.226145e-001	1.226224e-001	1.226145e-001	1.226145e-001	3.201552e-012	3.189830e-012	3.201552e-012	3.201552e-012	-3.202154e-012	-3.190432e-012	-3.202154e-012	-3.202154e-012	6.020232e-016	6.020250e-016	6.020232e-016	6.020232e-016	-4.751378e-005	-1.247369e-001	1.247844e-001	-6.714097e-006	5.000513e-006	1.713585e-006	-6.707762e-006	5.000530e-006	1.707232e-006	-6.714097e-006	5.000513e-006	1.713585e-006	-6.714097e-006	5.000513e-006	1.713585e-006
9.211216517857144e-001	1.226144e-001	1.226163e-001	1.226144e-001	1.226144e-001	3.201552e-012	3.198842e-012	3.201552e-012	3.201552e-012	-3.202154e-012	-3.199444e-012	-3.202154e-012	-3.202154e-012	6.020229e-016	6.020246e-016	6.020229e-016	6.020229e-016	-4.751377e-005	-1.247369e-001	1.247844e-001	-6.714095e-006	5.000510e-006	1.713585e-006	-6.712641e-006	5.000526e-006	1.712116e-006	-6.714095e-006	5.000510e-006	1.713585e-006	-6.714095e-006	5.000510e-006	1.713585e-006
9.546595982142857e-001	1.226144e-001	1.226124e-001	1.226144e-001	1.226144e-001	3.201552e-012	3.204520e-012	3.201552e-012	3.201552e-012	-3.202154e-012	-3.205122e-012	-3.202154e-012	-3.202154e-012	6.020228e-016	6.020242e-016	6.020228e-016	6.020228e-016	-4.751376e-005	-1.247369e-001	1.247844e-001	-6.714093e-006	5.000508e-006	1.713585e-006	-6.715714e-006	5.000522e-006	1.715193e-006	-6.714093e-006	5.000508e-006	1.713585e-006	-6.714093e-006	5.000508e-006	1.713585e-006
9.881975446428571e-001	1.226144e-001	1.226108e-001	1.226144e-001	1.226144e-001	3.201552e-012	3.206864e-012	3.201552e-012	3.201552e-012	-3.202154e-012	-3.207466e-012	-3.202154e-012	-3.202154e-012	6.020227e-016	6.020238e-016	6.020227e-016	6.020227e-016	-4.751375e-005	-1.247369e-001	1.247844e-001	-6.714092e-006	5.000507e-006	1.713585e-006	-6.716981e-006	5.000518e-006	1.716463e-006	-6.714092e-006	5.000507e-006	1.713585e-006	-6.714092e-006	5.000507e-006	1.713585e-006
1.021735491071429e+000	1.226144e-001	1.226115e-001	1.226144e-001	1.226144e-001	3.201552e-012	3.205875e-012	3.201552e-012	3.201552e-012	-3.202154e-012	-3.206477e-012	-3.202154e-012	-3.202154e-012	6.020228e-016	6.020234e-016	6.020228e-016	6.020228e-016	-4.751375e-005	-1.247369e-001	1.247844e-001	-6.714093e-006	5.000508e-006	1.713585e-006	-6.716441e-006	5.000514e-006	1.715927e-006	-6.714093e-006	5.000508e-006	1.713585e-006	-6.714093e-006	5.000508e-006	1.713585e-006
1.055273437500000e+000	1.226144e-001	1.226144e-001	1.226144e-001	1.226144e-001	3.201552e-012	3.201552e-012	3.201552e-012	3.201552e-012	-3.202154e-012	-3.202154e-012	-3.202154e-012	-3.202154e-012	6.020229e-016	6.020229e-016	6.020229e-016	6.020229e-016	-4.751376e-005	-1.247369e-001	1.247844e-001	-6.714095e-006	5.000510e-006	1.713585e-006	-6.714095e-006	5.000510e-006	1.713585e-006	-6.714095e-006	5.000510e-006	1.713585e-006	-6.714095e-006	5.000510e-006	1.713585e-006
1.078710937500000e+000	1.226144e-001	1.226144e-001	1.226144e-001	1.226144e-001	3.201552e-012	3.201552e-012	3.201552e-012	3.201552e-012	-3.202154e-012	-3.202154e-012	-3.202154e-012	-3.202154e-012	6.020229e-016	6.020229e-016	6.020229e-016	6.020229e-016	-4.751376e-005	-1.247369e-001	1.247844e-001	-6.714095e-006	5.000510e-006	1.713585e-006	-6.714095e-006	5.000510e-006	1.713585e-006	-6.714095e-006	5.000510e-006	1.713585e-006	-6.714095e-006	5.000510e-006	1.713585e-006
1.113532366071429e+000	1.226157e-001	1.226165e-001	1.226157e-001	1.226157e-001	3.199756e-012	3.198500e-012	3.199756e-012	3.199756e-012	-3.200358e-012	-3.199102e-012	-3.200358e-012	-3.200358e-012	6.020224e-016	6.020231e-016	6.020224e-016	6.020224e-016	-4.751377e-005	-1.247369e-001	1.247844e-001	-6.713115e-006	5.000504e-006	1.712611e-006	-6.712439e-006	5.000511e-006	1.711928e-006	-6.713115e-006	5.000504e-006	1.712611e-006	-6.713115e-006	5.000504e-006	1.712611e-006
1.148353794642857e+000	1.226161e-001	1.226159e-001	1.226161e-001	1.226161e-001	3.199093e-012	3.199381e-012	3.199093e-012	3.199093e-012	-3.199695e-012	-3.199983e-012	-3.199695e-012	-3.199695e-012	6.020222e-016	6.020236e-016	6.020222e-016	6.020222e-016	-4.751378e-005	-1.247369e-001	1.247844e-001	-6.712753e-006	5.000502e-006	1.712251e-006	-6.712920e-006	5.000516e-006	1.712404e-006	-6.712753e-006	5.000502e-006	1.712251e-006	-6.712753e-006	5.000502e-006	1.712251e-006
1.183175223214286e+000	1.226158e-001	1.226126e-001	1.226158e-001	1.226158e-001	3.199563e-012	3.204195e-012	3.199563e-012	3.199563e-012	-3.200165e-012	-3.204797e-012	-3.200165e-012	-3.200165e-012	6.020224e-016	6.020243e-016	6.020224e-016	6.020224e-016	-4.751376e-005	-1.247369e-001	1.247844e-001	-6.713010e-006	5.000504e-006	1.712507e-006	-6.715538e-006	5.000523e-006	1.715016e-006	-6.713010e-006	5.000504e-006	1.712507e-006	-6.713010e-006	5.000504e-006	1.712507e-006
1.217996651785714e+000	1.226147e-001	1.226067e-001	1.226147e-001	1.226147e-001	3.201168e-012	3.212942e-012	3.201168e-012	3.201168e-012	-3.201770e-012	-3.213544e-012	-3.201770e-012	-3.201770e-012	6.020229e-016	6.020252e-016	6.020229e-016	6.020229e-016	-4.751374e-005	-1.247369e-001	1.247844e-001	-6.713885e-006	5.000508e-006	1.713376e-006	-6.720293e-006	5.000532e-006	1.719761e-006	-6.713885e-006	5.000508e-006	1.713376e-006	-6.713885e-006	5.000508e-006	1.713376e-006
1.252818080357143e+000	1.226128e-001	1.225981e-001	1.226128e-001	1.226128e-001	3.203906e-012	3.225622e-012	3.203906e-012	3.203906e-012	-3.204508e-012	-3.226224e-012	-3.204508e-012	-3.204508e-012	6.020237e-016	6.020264e-016	6.020237e-016	6.020237e-016	-4.751370e-005	-1.247368e-001	1.247843e-001	-6.715378e-006	5.000517e-006	1.714861e-006	-6.727185e-006	5.000544e-006	1.726641e-006	-6.715378e-006	5.000517e-006	1.714861e-006	-6.715378e-006	5.000517e-006	1.714861e-006
1.287639508928572e+000	1.226101e-001	1.225868e-001	1.226101e-001	1.226101e-001	3.207777e-012	3.242235e-012	3.207777e-012	3.207777e-012	-3.208379e-012	-3.242837e-012	-3.208379e-012	-3.208379e-012	6.020249e-016	6.020278e-016	6.020249e-016	6.020249e-016	-4.751365e-005	-1.247368e-001	1.247843e-001	-6.717489e-006	5.000529e-006	1.716960e-006	-6.736213e-006	5.000558e-006	1.735655e-006	-6.717489e-006	5.000529e-006	1.716960e-006	-6.717489e-006	5.000529e-006	1.716960e-006
1.322460937500000e+000	1.226066e-001	1.225728e-001	1.226066e-001	1.226066e-001	3.212782e-012	3.262782e-012	3.212782e-012	3.212782e-012	-3.213384e-012	-3.263384e-012	-3.213384e-012	-3.213384e-012	6.020264e-016	6.020295e-016	6.020264e-016	6.020264e-016	-4.751358e-005	-1.247367e-001	1.247842e-001	-6.720218e-006	5.000544e-006	1.719674e-006	-6.747378e-006	5.000575e-006	1.746803e-006	-6.720218e-006	5.000544e-006	1.719674e-006	-6.720218e-006	5.000544e-006	1.719674e-006
1.351869419642857e+000	1.225980e-001	1.225628e-001	1.225980e-001	1.225980e-001	3.225299e-012	3.277412e-012	3.225299e-012	3.225299e-012	-3.225901e-012	-3.278015e-012	-3.225901e-012	-3.225901e-012	6.020264e-016	6.020303e-016	6.020264e-016	6.020264e-016	-4.751348e-005	-1.247365e-001	1.247841e-001	-6.726998e-006	5.000544e-006	1.726454e-006	-6.755294e-006	5.000583e-006	1.754711e-006	-6.726998e-006	5.000544e-006	1.726454e-006	-6.726998e-006	5.000544e-006	1.726454e-006
1.381277901785714e+000	1.225885e-001	1.225507e-001	1.225885e-001	1.225885e-001	3.239219e-012	3.295123e-012	3.239219e-012	3.239219e-012	-3.239821e-012	-3.295725e-012	-3.239821e-012	-3.239821e-012	6.020270e-016	6.020323e-016	6.020270e-016	6.020270e-016	-4.751337e-005	-1.247364e-001	1.247839e-001	-6.734553e-006	5.000550e-006	1.734003e-006	-6.764937e-006	5.000602e-006	1.764335e-006	-6.734553e-006	5.000550e-006	1.734003e-006	-6.734553e-006	5.000550e-006	1.734003e-006
1.410686383928572e+000	1.225780e-001	1.225365e-001	1.225780e-001	1.225780e-001	3.254542e-012	3.315913e-012	3.254542e-012	3.254542e-012	-3.255144e-012	-3.316515e-012	-3.255144e-012	-3.255144e-012	6.020282e-016	6.020353e-016	6.020282e-016	6.020282e-016	-4.751325e-005	-1.247362e-001	1.247838e-001	-6.742885e-006	5.000562e-006	1.742323e-006	-6.776307e-006	5.000633e-006	1.775674e-006	-6.742885e-006	5.000562e-006	1.742323e-006	-6.742885e-006	5.000562e-006	1.742323e-006
1.440094866071429e+000	1.225665e-001	1.225201e-001	1.225665e-001	1.225665e-001	3.271269e-012	3.339782e-012	3.271269e-012	3.271269e-012	-3.271871e-012	-3.340384e-012	-3.271871e-012	-3.271871e-012	6.020300e-016	6.020395e-016	6.020300e-016	6.020300e-016	-4.751311e-005	-1.247361e-001	1.247836e-001	-6.751993e-006	5.000580e-006	1.751413e-006	-6.789404e-006	5.000675e-006	1.788729e-006	-6.751993e-006	5.000580e-006	1.751413e-006	-6.751993e-006	5.000580e-006	1.751413e-006
1.469503348214286e+000	1.225540e-001	1.225017e-001	1.225540e-001	1.225540e-001	3.289399e-012	3.366732e-012	3.289399e-012	3.289399e-012	-3.290001e-012	-3.367334e-012	-3.290001e-012	-3.290001e-012	6.020324e-016	6.020449e-016	6.020324e-016	6.020324e-016	-4.751296e-005	-1.247359e-001	1.247834e-001	-6.761877e-006	5.000604e-006	1.761273e-006	-6.804228e-006	5.000728e-006	1.803499e-006	-6.761877e-006	5.000604e-006	1.761273e-006	-6.761877e-006	5.000604e-006	1.761273e-006
1.498911830357143e+000	1.225406e-001	1.224812e-001	1.225406e-001	1.225406e-001	3.308933e-012	3.396761e-012	3.308933e-012	3.308933e-012	-3.309535e-012	-3.397363e-012	-3.309535e-012	-3.309535e-012	6.020355e-016	6.020514e-016	6.020355e-016	6.020355e-016	-4.751280e-005	-1.247357e-001	1.247832e-001	-6.772536e-006	5.000634e-006	1.771902e-006	-6.820779e-006	5.000793e-006	1.819986e-006	-6.772536e-006	5.000634e-006	1.771902e-006	-6.772536e-006	5.000634e-006	1.771902e-006
1.528320312500000e+000	1.225262e-001	1.224586e-001	1.225262e-001	1.225262e-001	3.329871e-012	3.429869e-012	3.329871e-012	3.329871e-012	-3.330473e-012	-3.430471e-012	-3.330473e-012	-3.330473e-012	6.020391e-016	6.020590e-016	6.020391e-016	6.020391e-016	-4.751262e-005	-1.247354e-001	1.247829e-001	-6.783972e-006	5.000670e-006	1.783302e-006	-6.839056e-006	5.000868e-006	1.838187e-006	-6.783972e-006	5.000670e-006	1.783302e-006	-6.783972e-006	5.000670e-006	1.783302e-006
1.543443080357143e+000	1.225159e-001	1.224507e-001	1.225159e-001	1.225159e-001	3.344993e-012	3.441356e-012	3.344993e-012	3.344993e-012	-3.345595e-012	-3.441958e-012	-3.345595e-012	-3.345595e-012	6.020410e-016	6.020419e-016	6.020410e-016	6.020410e-016	-4.751251e-005	-1.247353e-001	1.247828e-001	-6.792236e-006	5.000689e-006	1.791546e-006	-6.845158e-006	5.000698e-006	1.844459e-006	-6.792236e-006	5.000689e-006	1.791546e-006	-6.792236e-006	5.000689e-006	1.791546e-006
1.558565848214286e+000	1.225055e-001	1.224410e-001	1.225055e-001	1.225055e-001	3.360116e-012	3.455519e-012	3.360116e-012	3.360116e-012	-3.360718e-012	-3.456121e-012	-3.360718e-012	-3.360718e-012	6.020433e-016	6.020414e-016	6.020433e-016	6.020433e-016	-4.751240e-005	-1.247352e-001	1.247827e-001	-6.800524e-006	5.000713e-006	1.799811e-006	-6.853018e-006	5.000693e-006	1.852325e-006	-6.800524e-006	5.000713e-006	1.799811e-006	-6.800524e-006	5.000713e-006	1.799811e-006
1.573688616071429e+000	1.224951e-001	1.224295e-001	1.224951e-001	1.224951e-001	3.375238e-012	3.472360e-012	3.375238e-012	3.375238e-012	-3.375840e-012	-3.472961e-012	-3.375840e-012	-3.375840e-012	6.020461e-016	6.020574e-016	6.020461e-016	6.020461e-016	-4.751228e-005	-1.247350e-001	1.247825e-001	-6.808835e-006	5.000740e-006	1.808096e-006	-6.862639e-006	5.000853e-006	1.861786e-006	-6.808835e-006	5.000740e-006	1.808096e-006	-6.808835e-006	5.000740e-006	1.808096e-006
1.588811383928572e+000	1.224847e-001	1.224161e-001	1.224847e-001	1.224847e-001	3.390361e-012	3.491877e-012	3.390361e-012	3.390361e-012	-3.390963e-012	-3.492478e-012	-3.390963e-012	-3.390963e-012	6.020492e-016	6.020900e-016	6.020492e-016	6.020492e-016	-4.751216e-005	-1.247349e-001	1.247824e-001	-6.817171e-006	5.000771e-006	1.816400e-006	-6.874019e-006	5.001177e-006	1.872842e-006	-6.817171e-006	5.000771e-006	1.816400e-006	-6.817171e-006	5.000771e-006	1.816400e-006
1.603934151785714e+000	1.224744e-001	1.224009e-001	1.224744e-001	1.224744e-001	3.405483e-012	3.514070e-012	3.405483e-012	3.405483e-012	-3.406085e-012	-3.514672e-012	-3.406085e-012	-3.406085e-012	6.020527e-016	6.021391e-016	6.020527e-016	6.020527e-016	-4.751204e-005	-1.247347e-001	1.247822e-001	-6.825531e-006	5.000806e-006	1.824725e-006	-6.887160e-006	5.001666e-006	1.885493e-006	-6.825531e-006	5.000806e-006	1.824725e-006	-6.825531e-006	5.000806e-006	1.824725e-006
1.619056919642857e+000	1.224640e-001	1.223840e-001	1.224640e-001	1.224640e-001	3.420606e-012	3.538941e-012	3.420606e-012	3.420606e-012	-3.421208e-012	-3.539543e-012	-3.421208e-012	-3.421208e-012	6.020566e-016	6.022048e-016	6.020566e-016	6.020566e-016	-4.751191e-005	-1.247345e-001	1.247820e-001	-6.833914e-006	5.000844e-006	1.833070e-006	-6.902059e-006	5.002321e-006	1.899739e-006	-6.833914e-006	5.000844e-006	1.833070e-006	-6.833914e-006	5.000844e-006	1.833070e-006
1.634179687500000e+000	1.224536e-001	1.223652e-001	1.224536e-001	1.224536e-001	3.435728e-012	3.566488e-012	3.435728e-012	3.435728e-012	-3.436331e-012	-3.567090e-012	-3.436331e-012	-3.436331e-012	6.020609e-016	6.022870e-016	6.020609e-016	6.020609e-016	-4.751177e-005	-1.247343e-001	1.247819e-001	-6.842322e-006	5.000887e-006	1.841435e-006	-6.918719e-006	5.003139e-006	1.915580e-006	-6.842322e-006	5.000887e-006	1.841435e-006	-6.842322e-006	5.000887e-006	1.841435e-006
1.636132812500000e+000	1.224522e-001	1.223626e-001	1.224522e-001	1.224522e-001	3.437682e-012	3.570199e-012	3.437682e-012	3.437682e-012	-3.438284e-012	-3.570801e-012	-3.438284e-012	-3.438284e-012	6.020615e-016	6.023716e-016	6.020615e-016	6.020615e-016	-4.751176e-005	-1.247343e-001	1.247818e-001	-6.843412e-006	5.000893e-006	1.842518e-006	-6.921722e-006	5.003983e-006	1.917740e-006	-6.843412e-006	5.000893e-006	1.842518e-006	-6.843412e-006	5.000893e-006	1.842518e-006
1.638085937500000e+000	1.224509e-001	1.223601e-001	1.224509e-001	1.224509e-001	3.439635e-012	3.573911e-012	3.439635e-012	3.439635e-012	-3.440237e-012	-3.574513e-012	-3.440237e-012	-3.440237e-012	6.020621e-016	6.018744e-016	6.020621e-016	6.020621e-016	-4.751174e-005	-1.247343e-001	1.247818e-001	-6.844502e-006	5.000900e-006	1.843603e-006	-6.918933e-006	4.999030e-006	1.919903e-006	-6.844502e-006	5.000900e-006	1.843603e-006	-6.844502e-006	5.000900e-006	1.843603e-006
1.640039062500000e+000	1.224495e-001	1.223576e-001	1.224495e-001	1.224495e-001	3.441588e-012	3.577621e-012	3.441588e-012	3.441588e-012	-3.442190e-012	-3.578223e-012	-3.442190e-012	-3.442190e-012	6.020628e-016	6.020666e-016	6.020628e-016	6.020628e-016	-4.751172e-005	-1.247343e-001	1.247818e-001	-6.845594e-006	5.000906e-006	1.844687e-006	-6.923013e-006	5.000944e-006	1.922069e-006	-6.845594e-006	5.000906e-006	1.844687e-006	-6.845594e-006	5.000906e-006	1.844687e-006
1.641992187500000e+000	1.224482e-001	1.223550e-001	1.224482e-001	1.224482e-001	3.443541e-012	3.581330e-012	3.443541e-012	3.443541e-012	-3.444143e-012	-3.581933e-012	-3.444143e-012	-3.444143e-012	6.020635e-016	6.029480e-016	6.020635e-016	6.020635e-016	-4.751171e-005	-1.247343e-001	1.247818e-001	-6.846686e-006	5.000913e-006	1.845773e-006	-6.933962e-006	5.009723e-006	1.924239e-006	-6.846686e-006	5.000913e-006	1.845773e-006	-6.846686e-006	5.000913e-006	1.845773e-006
1.643945312500000e+000	1.224469e-001	1.223525e-001	1.224469e-001	1.224469e-001	3.445494e-012	3.585038e-012	3.445494e-012	3.445494e-012	-3.446096e-012	-3.585643e-012	-3.446096e-012	-3.446096e-012	6.020642e-016	6.045188e-016	6.020642e-016	6.020642e-016	-4.751169e-005	-1.247342e-001	1.247817e-001	-6.847778e-006	5.000920e-006	1.846858e-006	-6.951780e-006	5.025369e-006	1.926411e-006	-6.847778e-006	5.000920e-006	1.846858e-006	-6.847778e-006	5.000920e-006	1.846858e-006
1.645898437500000e+000	1.224455e-001	1.223499e-001	1.224455e-001	1.224455e-001	3.447447e-012	3.588744e-012	3.447447e-012	3.447447e-012	-3.448049e-012	-3.589351e-012	-3.448049e-012	-3.448049e-012	6.020649e-016	6.067789e-016	6.020649e-016	6.020649e-016	-4.751167e-005	-1.247342e-001	1.247817e-001	-6.848872e-006	5.000927e-006	1.847945e-006	-6.976466e-006	5.047880e-006	1.928586e-006	-6.848872e-006	5.000927e-006	1.847945e-006	-6.848872e-006	5.000927e-006	1.847945e-006
1.647851562500000e+000	1.224442e-001	1.223474e-001	1.224442e-001	1.224442e-001	3.449400e-012	3.592449e-012	3.449400e-012	3.449400e-012	-3.450002e-012	-3.593059e-012	-3.450002e-012	-3.450002e-012	6.020656e-016	6.097283e-016	6.020656e-016	6.020656e-016	-4.751165e-005	-1.247342e-001	1.247817e-001	-6.849966e-006	5.000934e-006	1.849032e-006	-7.008021e-006	5.077257e-006	1.930764e-006	-6.849966e-006	5.000934e-006	1.849032e-006	-6.849966e-006	5.000934e-006	1.849032e-006
1.649804687500000e+000	1.224428e-001	1.223448e-001	1.224428e-001	1.224428e-001	3.451353e-012	3.596153e-012	3.451353e-012	3.451353e-012	-3.451955e-012	-3.596767e-012	-3.451955e-012	-3.451955e-012	6.020663e-016	6.133671e-016	6.020663e-016	6.020663e-016	-4.751163e-005	-1.247342e-001	1.247817e-001	-6.851061e-006	5.000942e-006	1.850119e-006	-7.046446e-006	5.113500e-006	1.932946e-006	-6.851061e-006	5.000942e-006	1.850119e-006	-6.851061e-006	5.000942e-006	1.850119e-006
1.651757812500000e+000	1.224415e-001	1.223422e-001	1.224415e-001	1.224415e-001	3.453306e-012	3.599848e-012	3.453306e-012	3.453306e-012	-3.453909e-012	-3.600469e-012	-3.453909e-012	-3.453909e-012	6.020670e-016	6.215871e-016	6.020670e-016	6.020670e-016	-4.751161e-005	-1.247341e-001	1.247817e-001	-6.852157e-006	5.000949e-006	1.851208e-006	-7.130504e-006	5.195375e-006	1.935129e-006	-6.852157e-006	5.000949e-006	1.851208e-006	-6.852157e-006	5.000949e-006	1.851208e-006
1.653710937500000e+000	1.224401e-001	1.223395e-001	1.224401e-001	1.224401e-001	3.455260e-012	3.603530e-012	3.455260e-012	3.455260e-012	-3.455862e-012	-3.604166e-012	-3.455862e-012	-3.455862e-012	6.020678e-016	6.360202e-016	6.020678e-016	6.020678e-016	-4.751160e-005	-1.247341e-001	1.247816e-001	-6.853253e-006	5.000956e-006	1.852296e-006	-7.276449e-006	5.339133e-006	1.937316e-006	-6.853253e-006	5.000956e-006	1.852296e-006	-6.853253e-006	5.000956e-006	1.852296e-006
1.655664062500000e+000	1.224388e-001	1.223367e-001	1.224388e-001	1.224388e-001	3.457213e-012	3.607190e-012	3.457213e-012	3.457213e-012	-3.457815e-012	-3.607851e-012	-3.457815e-012	-3.457815e-012	6.020686e-016	6.615459e-016	6.020686e-016	6.020686e-016	-4.751158e-005	-1.247341e-001	1.247816e-001	-6.854350e-006	5.000964e-006	1.853386e-006	-7.532881e-006	5.593376e-006	1.939505e-006	-6.854350e-006	5.000964e-006	1.853386e-006	-6.854350e-006	5.000964e-006	1.853386e-006
1.657617187500000e+000	1.224374e-001	1.223337e-001	1.224374e-001	1.224374e-001	3.459166e-012	3.610810e-012	3.459166e-012	3.459166e-012	-3.459768e-012	-3.611517e-012	-3.459768e-012	-3.459768e-012	6.020694e-016	7.070019e-016	6.020694e-016	6.020694e-016	-4.751156e-005	-1.247341e-001	1.247816e-001	-6.855448e-006	5.000972e-006	1.854476e-006	-7.987823e-006	6.046127e-006	1.941697e-006	-6.855448e-006	5.000972e-006	1.854476e-006	-6.855448e-006	5.000972e-006	1.854476e-006
1.659570312500000e+000	1.224361e-001	1.223304e-001	1.224361e-001	1.224361e-001	3.461119e-012	3.614359e-012	3.461119e-012	3.461119e-012	-3.461721e-012	-3.615147e-012	-3.461721e-012	-3.461721e-012	6.020702e-016	7.884779e-016	6.020702e-016	6.020702e-016	-4.751154e-005	-1.247341e-001	1.247816e-001	-6.856547e-006	5.000980e-006	1.855567e-006	-8.801525e-006	6.857634e-006	1.943890e-006	-6.856547e-006	5.000980e-006	1.855567e-006	-6.856547e-006	5.000980e-006	1.855567e-006
1.661523437500000e+000	1.224348e-001	1.223264e-001	1.224348e-001	1.224348e-001	3.463072e-012	3.617777e-012	3.463072e-012	3.463072e-012	-3.463674e-012	-3.618712e-012	-3.463674e-012	-3.463674e-012	6.020710e-016	9.354028e-016	6.020710e-016	6.020710e-016	-4.751153e-005	-1.247340e-001	1.247815e-001	-6.857646e-006	5.000988e-006	1.856658e-006	-1.026708e-005	8.320990e-006	1.946087e-006	-6.857646e-006	5.000988e-006	1.856658e-006	-6.857646e-006	5.000988e-006	1.856658e-006
1.663476562500000e+000	1.224334e-001	1.223212e-001	1.224334e-001	1.224334e-001	3.465025e-012	3.620957e-012	3.465025e-012	3.465025e-012	-3.465627e-012	-3.622159e-012	-3.465627e-012	-3.465627e-012	6.020718e-016	1.201805e-015	6.020718e-016	6.020718e-016	-4.751151e-005	-1.247340e-001	1.247815e-001	-6.858746e-006	5.000997e-006	1.857750e-006	-1.292251e-005	1.097422e-005	1.948285e-006	-6.858746e-006	5.000997e-006	1.857750e-006	-6.858746e-006	5.000997e-006	1.857750e-006
1.665429687500000e+000	1.224321e-001	1.223139e-001	1.224321e-001	1.224321e-001	3.466978e-012	3.623701e-012	3.466978e-012	3.466978e-012	-3.467580e-012	-3.625388e-012	-3.467580e-012	-3.467580e-012	6.020727e-016	1.687110e-015	6.020727e-016	6.020727e-016	-4.751149e-005	-1.247340e-001	1.247815e-001	-6.859848e-006	5.001005e-006	1.858843e-006	-1.775777e-005	1.580729e-005	1.950485e-006	-6.859848e-006	5.001005e-006	1.858843e-006	-6.859848e-006	5.001005e-006	1.858843e-006
1.667382812500000e+000	1.224307e-001	1.223025e-001	1.224307e-001	1.224307e-001	3.468931e-012	3.625645e-012	3.468931e-012	3.468931e-012	-3.469533e-012	-3.628219e-012	-3.469533e-012	-3.469533e-012	6.020736e-016	2.574329e-015	6.020736e-016	6.020736e-016	-4.751147e-005	-1.247340e-001	1.247815e-001	-6.860950e-006	5.001014e-006	1.859936e-006	-2.659445e-005	2.464177e-005	1.952687e-006	-6.860950e-006	5.001014e-006	1.859936e-006	-6.860950e-006	5.001014e-006	1.859936e-006
1.669335937500000e+000	1.224294e-001	1.222838e-001	1.224294e-001	1.224294e-001	3.470884e-012	3.626120e-012	3.470884e-012	3.470884e-012	-3.471486e-012	-3.630320e-012	-3.471486e-012	-3.471486e-012	6.020744e-016	4.199173e-015	6.020744e-016	6.020744e-016	-4.751146e-005	-1.247339e-001	1.247815e-001	-6.862053e-006	5.001022e-006	1.861030e-006	-4.277193e-005	4.081704e-005	1.954891e-006	-6.862053e-006	5.001022e-006	1.861030e-006	-6.862053e-006	5.001022e-006	1.861030e-006
1.671289062500000e+000	1.224280e-001	1.222517e-001	1.224280e-001	1.224280e-001	3.472837e-012	3.623915e-012	3.472837e-012	3.472837e-012	-3.473439e-012	-3.631087e-012	-3.473439e-012	-3.473439e-012	6.020753e-016	7.171575e-015	6.020753e-016	6.020753e-016	-4.751144e-005	-1.247339e-001	1.247814e-001	-6.863156e-006	5.001031e-006	1.862125e-006	-7.234920e-005	7.039211e-005	1.957097e-006	-6.863156e-006	5.001031e-006	1.862125e-006	-6.863156e-006	5.001031e-006	1.862125e-006
1.673242187500000e+000	1.224267e-001	1.221954e-001	1.224267e-001	1.224267e-001	3.474791e-012	3.616878e-012	3.474791e-012	3.474791e-012	-3.475392e-012	-3.629456e-012	-3.475392e-012	-3.475392e-012	6.020763e-016	1.257793e-014	6.020763e-016	6.020763e-016	-4.751142e-005	-1.247339e-001	1.247814e-001	-6.864261e-006	5.001040e-006	1.863221e-006	-1.260848e-004	1.241255e-004	1.959303e-006	-6.864261e-006	5.001040e-006	1.863221e-006	-6.864261e-006	5.001040e-006	1.863221e-006
1.675195312500000e+000	1.224254e-001	1.220966e-001	1.224254e-001	1.224254e-001	3.476744e-012	3.601339e-012	3.476744e-012	3.476744e-012	-3.477346e-012	-3.623626e-012	-3.477346e-012	-3.477346e-012	6.020772e-016	2.228693e-014	6.020772e-016	6.020772e-016	-4.751140e-005	-1.247339e-001	1.247814e-001	-6.865366e-006	5.001050e-006	1.864317e-006	-2.223217e-004	2.203602e-004	1.961511e-006	-6.865366e-006	5.001050e-006	1.864317e-006	-6.865366e-006	5.001050e-006	1.864317e-006
1.677148437500000e+000	1.224240e-001	1.219262e-001	1.224240e-001	1.224240e-001	3.478697e-012	3.571468e-012	3.478697e-012	3.478697e-012	-3.479299e-012	-3.610836e-012	-3.479299e-012	-3.479299e-012	6.020781e-016	3.936899e-014	6.020781e-016	6.020781e-016	-4.751138e-005	-1.247339e-001	1.247814e-001	-6.866473e-006	5.001059e-006	1.865414e-006	-3.902066e-004	3.882429e-004	1.963718e-006	-6.866473e-006	5.001059e-006	1.865414e-006	-6.866473e-006	5.001059e-006	1.865414e-006
1.679101562500000e+000	1.224227e-001	1.216428e-001	1.224227e-001	1.224227e-001	3.480650e-012	3.518984e-012	3.480650e-012	3.480650e-012	-3.481252e-012	-3.588084e-012	-3.481252e-012	-3.481252e-012	6.020791e-016	6.910005e-014	6.020791e-016	6.020791e-016	-4.751137e-005	-1.247338e-001	1.247813e-001	-6.867580e-006	5.001069e-006	1.866511e-006	-6.710734e-004	6.691075e-004	1.965926e-006	-6.867580e-006	5.001069e-006	1.866511e-006	-6.867580e-006	5.001069e-006	1.866511e-006
1.681054687500000e+000	1.224213e-001	1.211971e-001	1.224213e-001	1.224213e-001	3.482603e-012	3.433846e-012	3.482603e-012	3.482603e-012	-3.483205e-012	-3.566662e-012	-3.483205e-012	-3.483205e-012	6.020801e-016	1.328162e-013	6.020801e-016	6.020801e-016	-4.751135e-005	-1.247338e-001	1.247813e-001	-6.868689e-006	5.001079e-006	1.867610e-006	-1.114313e-003	1.112345e-003	1.968132e-006	-6.868689e-006	5.001079e-006	1.867610e-006	-6.868689e-006	5.001079e-006	1.867610e-006
1.683007812500000e+000	1.224200e-001	1.205430e-001	1.224200e-001	1.224200e-001	3.484556e-012	3.301474e-012	3.484556e-012	3.484556e-012	-3.485158e-012	-4.081136e-012	-3.485158e-012	-3.485158e-012	6.020811e-016	7.796622e-013	6.020811e-016	6.020811e-016	-4.751133e-005	-1.247338e-001	1.247813e-001	-6.869797e-006	5.001089e-006	1.868709e-006	-1.765871e-003	1.763900e-003	1.970338e-006	-6.869797e-006	5.001089e-006	1.868709e-006	-6.869797e-006	5.001089e-006	1.868709e-006
1.684960937500000e+000	1.224186e-001	1.196523e-001	1.224186e-001	1.224186e-001	3.486509e-012	2.674615e-012	3.486509e-012	3.486509e-012	-3.487111e-012	-4.928763e-011	-3.487111e-012	-3.487111e-012	6.020821e-016	4.661302e-011	6.020821e-016	6.020821e-016	-4.751132e-005	-1.247338e-001	1.247813e-001	-6.870908e-006	5.001099e-006	1.869809e-006	-2.654050e-003	2.652078e-003	1.972540e-006	-6.870908e-006	5.001099e-006	1.869809e-006	-6.870908e-006	5.001099e-006	1.869809e-006
1.686914062500000e+000	1.224173e-001	1.185219e-001	1.224173e-001	1.224173e-001	3.488462e-012	-8.296514e-011	3.488462e-012	3.488462e-012	-3.489064e-012	-8.590966e-009	-3.489064e-012	-3.489064e-012	6.020831e-016	8.673931e-009	6.020831e-016	6.020831e-016	-4.751130e-005	-1.247337e-001	1.247812e-001	-6.872018e-006	5.001109e-006	1.870910e-006	-3.781889e-003	3.779914e-003	1.974740e-006	-6.872018e-006	5.001109e-006	1.870910e-006	-6.872018e-006	5.001109e-006	1.870910e-006
1.688867187500000e+000	1.224160e-001	1.171674e-001	1.224160e-001	1.224160e-001	3.490415e-012	-3.383385e-008	3.490415e-012	3.490415e-012	-3.491017e-012	-3.383652e-006	-3.491017e-012	-3.491017e-012	6.020842e-016	3.417486e-006	6.020842e-016	6.020842e-016	-4.751128e-005	-1.247337e-001	1.247812e-001	-6.873131e-006	5.001119e-006	1.872011e-006	-5.130540e-003	5.128563e-003	1.976938e-006	-6.873131e-006	5.001119e-006	1.872011e-006	-6.873131e-006	5.001119e-006	1.872011e-006
1.690820312500000e+000	1.224146e-001	1.141013e-001	1.224146e-001	1.224146e-001	3.492368e-012	-1.542827e-005	3.492368e-012	3.492368e-012	-3.492970e-012	-1.542827e-003	-3.492970e-012	-3.492970e-012	6.020853e-016	1.558256e-003	6.020853e-016	6.020853e-016	-4.751126e-005	-1.247337e-001	1.247812e-001	-6.874243e-006	5.001130e-006	1.873113e-006	-6.654710e-003	6.652731e-003	1.979116e-006	-6.874243e-006	5.001130e-006	1.873113e-006	-6.874243e-006	5.001130e-006	1.873113e-006
1.692773437500000e+000	1.224133e-001	9.441538e-002	1.224133e-001	1.224133e-001	3.494321e-012	-1.971208e-004	3.494321e-012	3.494321e-012	-3.494924e-012	-1.971208e-002	-3.494924e-012	-3.494924e-012	6.020864e-016	1.990920e-002	6.020864e-016	6.020864e-016	-4.751124e-005	-1.247337e-001	1.247812e-001	-6.875357e-006	5.001141e-006	1.874216e-006	-8.169117e-003	8.167136e-003	1.981095e-006	-6.875357e-006	5.001141e-006	1.874216e-006	-6.875357e-006	5.001141e-006	1.874216e-006
1.694726562500000e+000	1.224119e-001	4.070798e-002	1.224119e-001	1.224119e-001	3.496274e-012	-7.213714e-004	3.496274e-012	3.496274e-012	-3.496877e-012	-7.213714e-002	-3.496877e-012	-3.496877e-012	6.020875e-016	7.285851e-002	6.020875e-016	6.020875e-016	-4.751123e-005	-1.247336e-001	1.247812e-001	-6.876472e-006	5.001152e-006	1.875320e-006	-9.449658e-003	9.447675e-003	1.982668e-006	-6.876472e-006	5.001152e-006	1.875320e-006	-6.876472e-006	5.001152e-006	1.875320e-006
1.696679687500000e+000	1.224106e-001	-3.900141e-002	1.224106e-001	1.224106e-001	3.498228e-012	-1.507701e-003	3.498228e-012	3.498228e-012	-3.498830e-012	-1.507701e-001	-3.498830e-012	-3.498830e-012	6.020886e-016	1.522778e-001	6.020886e-016	6.020886e-016	-4.751121e-005	-1.247336e-001	1.247811e-001	-6.877588e-006	5.001164e-006	1.876425e-006	-1.052467e-002	1.052269e-002	1.983931e-006	-6.877588e-006	5.001164e-006	1.876425e-006	-6.877588e-006	5.001164e-006	1.876425e-006
1.698632812500000e+000	1.224093e-001	-1.276492e-001	1.224093e-001	1.224093e-001	3.500181e-012	-2.384044e-003	3.500181e-012	3.500181e-012	-3.500783e-012	-2.384043e-001	-3.500783e-012	-3.500783e-012	6.020898e-016	2.407884e-001	6.020898e-016	6.020898e-016	-4.751120e-005	-1.247336e-001	1.247811e-001	-6.878705e-006	5.001175e-006	1.877530e-006	-1.153689e-002	1.153490e-002	1.985088e-006	-6.878705e-006	5.001175e-006	1.877530e-006	-6.878705e-006	5.001175e-006	1.877530e-006
1.700000000000000e+000	1.224083e-001	-1.915548e-001	1.224083e-001	1.224083e-001	3.501548e-012	-3.016089e-003	3.501548e-012	3.501548e-012	-3.502150e-012	-3.016089e-001	-3.502150e-012	-3.502150e-012	6.020906e-016	3.046250e-001	6.020906e-016	6.020906e-016	-4.751119e-005	-1.247336e-001	1.247811e-001	-6.879488e-006	5.001183e-006	1.878304e-006	-1.223705e-002	1.223507e-002	1.985875e-006	-6.879488e-006	5.001183e-006	1.878304e-006	-6.879488e-006	5.001183e-006	1.878304e-006
1.706277901785714e+000	1.224002e-001	-1.915787e-001	1.224002e-001	1.224002e-001	3.513476e-012	-3.016324e-003	3.513476e-012	3.513476e-012	-3.514078e-012	-3.016324e-001	-3.514078e-012	-3.514078e-012	6.018121e-016	3.046487e-001	6.018121e-016	6.018121e-016	-4.751112e-005	-1.247335e-001	1.247810e-001	-6.883487e-006	4.998410e-006	1.885077e-006	-1.223731e-002	1.223532e-002	1.985874e-006	-6.883487e-006	4.998410e-006	1.885077e-006	-6.883487e-006	4.998410e-006	1.885077e-006
1.712555803571429e+000	1.223920e-001	-1.915971e-001	1.223920e-001	1.223920e-001	3.525404e-012	-3.016506e-003	3.525404e-012	3.525404e-012	-3.526006e-012	-3.016506e-001	-3.526006e-012	-3.526006e-012	6.017333e-016	3.046671e-001	6.017333e-016	6.017333e-016	-4.751106e-005	-1.247334e-001	1.247809e-001	-6.889507e-006	4.997625e-006	1.891883e-006	-1.223750e-002	1.223552e-002	1.985874e-006	-6.889507e-006	4.997625e-006	1.891883e-006	-6.889507e-006	4.997625e-006	1.891883e-006
1.718833705357143e+000	1.223839e-001	-1.916101e-001	1.223839e-001	1.223839e-001	3.537332e-012	-3.016633e-003	3.537332e-012	3.537332e-012	-3.537934e-012	-3.016633e-001	-3.537934e-012	-3.537934e-012	6.018541e-016	3.046800e-001	6.018541e-016	6.018541e-016	-4.751099e-005	-1.247333e-001	1.247808e-001	-6.897549e-006	4.998827e-006	1.898722e-006	-1.223764e-002	1.223566e-002	1.985874e-006	-6.897549e-006	4.998827e-006	1.898722e-006	-6.897549e-006	4.998827e-006	1.898722e-006
1.725111607142857e+000	1.223757e-001	-1.916177e-001	1.223757e-001	1.223757e-001	3.549259e-012	-3.016707e-003	3.549259e-012	3.549259e-012	-3.549861e-012	-3.016707e-001	-3.549861e-012	-3.549861e-012	6.021744e-016	3.046874e-001	6.021744e-016	6.021744e-016	-4.751092e-005	-1.247332e-001	1.247808e-001	-6.907612e-006	5.002018e-006	1.905594e-006	-1.223772e-002	1.223574e-002	1.985873e-006	-6.907612e-006	5.002018e-006	1.905594e-006	-6.907612e-006	5.002018e-006	1.905594e-006
1.731389508928572e+000	1.223676e-001	-1.916198e-001	1.223676e-001	1.223676e-001	3.561186e-012	-3.016727e-003	3.561186e-012	3.561186e-012	-3.561789e-012	-3.016728e-001	-3.561789e-012	-3.561789e-012	6.026943e-016	3.046895e-001	6.026943e-016	6.026943e-016	-4.751086e-005	-1.247332e-001	1.247807e-001	-6.919696e-006	5.007196e-006	1.912500e-006	-1.223775e-002	1.223576e-002	1.985873e-006	-6.919696e-006	5.007196e-006	1.912500e-006	-6.919696e-006	5.007196e-006	1.912500e-006
1.737667410714286e+000	1.223594e-001	-1.916165e-001	1.223594e-001	1.223594e-001	3.573112e-012	-3.016694e-003	3.573112e-012	3.573112e-012	-3.573716e-012	-3.016694e-001	-3.573716e-012	-3.573716e-012	6.034138e-016	3.046861e-001	6.034138e-016	6.034138e-016	-4.751079e-005	-1.247331e-001	1.247806e-001	-6.933801e-006	5.014362e-006	1.919439e-006	-1.223771e-002	1.223572e-002	1.985873e-006	-6.933801e-006	5.014362e-006	1.919439e-006	-6.933801e-006	5.014362e-006	1.919439e-006
1.743945312500000e+000	1.223513e-001	-1.916077e-001	1.223513e-001	1.223513e-001	3.585039e-012	-3.016606e-003	3.585039e-012	3.585039e-012	-3.585643e-012	-3.016606e-001	-3.585643e-012	-3.585643e-012	6.043329e-016	3.046772e-001	6.043329e-016	6.043329e-016	-4.751072e-005	-1.247330e-001	1.247805e-001	-6.949927e-006	5.023517e-006	1.926411e-006	-1.223761e-002	1.223563e-002	1.985874e-006	-6.949927e-006	5.023517e-006	1.926411e-006	-6.949927e-006	5.023517e-006	1.926411e-006
1.747851562500000e+000	1.223461e-001	-1.916078e-001	1.223461e-001	1.223461e-001	3.592452e-012	-3.016606e-003	3.592452e-012	3.592452e-012	-3.593060e-012	-3.016606e-001	-3.593060e-012	-3.593060e-012	6.086501e-016	3.046772e-001	6.086501e-016	6.086501e-016	-4.751068e-005	-1.247329e-001	1.247805e-001	-6.997283e-006	5.066518e-006	1.930764e-006	-1.223761e-002	1.223563e-002	1.985874e-006	-6.997283e-006	5.066518e-006	1.930764e-006	-6.997283e-006	5.066518e-006	1.930764e-006
1.749804687500000e+000	1.223436e-001	-1.916078e-001	1.223436e-001	1.223436e-001	3.596153e-012	-3.016606e-003	3.596153e-012	3.596153e-012	-3.596767e-012	-3.016606e-001	-3.596767e-012	-3.596767e-012	6.133669e-016	3.046772e-001	6.133669e-016	6.133669e-016	-4.751066e-005	-1.247329e-001	1.247804e-001	-7.046445e-006	5.113500e-006	1.932946e-006	-1.223761e-002	1.223563e-002	1.985874e-006	-7.046446e-006	5.113500e-006	1.932946e-006	-7.046445e-006	5.113500e-006	1.932946e-006
1.751757812500000e+000	1.223409e-001	-1.916078e-001	1.223409e-001	1.223409e-001	3.599848e-012	-3.016606e-003	3.599848e-012	3.599848e-012	-3.600469e-012	-3.016606e-001	-3.600469e-012	-3.600469e-012	6.215870e-016	3.046772e-001	6.215870e-016	6.215870e-016	-4.751064e-005	-1.247329e-001	1.247804e-001	-7.130503e-006	5.195374e-006	1.935129e-006	-1.223761e-002	1.223563e-002	1.985874e-006	-7.130504e-006	5.195374e-006	1.935129e-006	-7.130503e-006	5.195374e-006	1.935129e-006
1.753710937500000e+000	1.223383e-001	-1.916078e-001	1.223383e-001	1.223383e-001	3.603530e-012	-3.016606e-003	3.603530e-012	3.603530e-012	-3.604166e-012	-3.016606e-001	-3.604166e-012	-3.604166e-012	6.360200e-016	3.046772e-001	6.360200e-016	6.360200e-016	-4.751062e-005	-1.247329e-001	1.247804e-001	-7.276447e-006	5.339131e-006	1.937316e-006	-1.223761e-002	1.223563e-002	1.985874e-006	-7.276447e-006	5.339131e-006	1.937316e-006	-7.276447e-006	5.339131e-006	1.937316e-006
1.755664062500000e+000	1.223355e-001	-1.916078e-001	1.223355e-001	1.223355e-001	3.607190e-012	-3.016606e-003	3.607190e-012	3.607190e-012	-3.607851e-012	-3.016606e-001	-3.607851e-012	-3.607851e-012	6.615458e-016	3.046772e-001	6.615458e-016	6.615458e-016	-4.751060e-005	-1.247328e-001	1.247803e-001	-7.532878e-006	5.593373e-006	1.939505e-006	-1.223761e-002	1.223563e-002	1.985874e-006	-7.532878e-006	5.593373e-006	1.939505e-006	-7.532878e-006	5.593373e-006	1.939505e-006
1.757617187500000e+000	1.223325e-001	-1.916078e-001	1.223325e-001	1.223325e-001	3.610810e-012	-3.016606e-003	3.610810e-012	3.610810e-012	-3.611517e-012	-3.016605e-001	-3.611517e-012	-3.611517e-012	7.070015e-016	3.046771e-001	7.070015e-016	7.070015e-016	-4.751058e-005	-1.247328e-001	1.247803e-001	-7.987819e-006	6.046123e-006	1.941697e-006	-1.223761e-002	1.223563e-002	1.985874e-006	-7.987819e-006	6.046123e-006	1.941697e-006	-7.987819e-006	6.046123e-006	1.941697e-006
1.759570312500000e+000	1.223291e-001	-1.916079e-001	1.223291e-001	1.223291e-001	3.614359e-012	-3.016605e-003	3.614359e-012	3.614359e-012	-3.615147e-012	-3.016605e-001	-3.615147e-012	-3.615147e-012	7.884771e-016	3.046771e-001	7.884771e-016	7.884771e-016	-4.751056e-005	-1.247328e-001	1.247803e-001	-8.801517e-006	6.857627e-006	1.943890e-006	-1.223761e-002	1.223563e-002	1.985874e-006	-8.801517e-006	6.857627e-006	1.943890e-006	-8.801517e-006	6.857627e-006	1.943890e-006
1.761523437500000e+000	1.223251e-001	-1.916079e-001	1.223251e-001	1.223251e-001	3.617777e-012	-3.016605e-003	3.617777e-012	3.617777e-012	-3.618712e-012	-3.016605e-001	-3.618712e-012	-3.618712e-012	9.354016e-016	3.046771e-001	9.354016e-016	9.354016e-016	-4.751054e-005	-1.247328e-001	1.247803e-001	-1.026706e-005	8.320976e-006	1.946087e-006	-1.223761e-002	1.223563e-002	1.985874e-006	-1.026706e-005	8.320976e-006	1.946087e-006	-1.026706e-005	8.320976e-006	1.946087e-006
1.763476562500000e+000	1.223199e-001	-1.916079e-001	1.223199e-001	1.223199e-001	3.620957e-012	-3.016605e-003	3.620957e-012	3.620957e-012	-3.622159e-012	-3.016605e-001	-3.622159e-012	-3.622159e-012	1.201802e-015	3.046771e-001	1.201802e-015	1.201802e-015	-4.751052e-005	-1.247327e-001	1.247802e-001	-1.292248e-005	1.097420e-005	1.948285e-006	-1.223761e-002	1.223563e-002	1.985874e-006	-1.292248e-005	1.097420e-005	1.948285e-006	-1.292248e-005	1.097420e-005	1.948285e-006
1.765429687500000e+000	1.223126e-001	-1.916079e-001	1.223126e-001	1.223126e-001	3.623701e-012	-3.016605e-003	3.623701e-012	3.623701e-012	-3.625388e-012	-3.016605e-001	-3.625388e-012	-3.625388e-012	1.687106e-015	3.046771e-001	1.687106e-015	1.687106e-015	-4.751050e-005	-1.247327e-001	1.247802e-001	-1.775773e-005	1.580724e-005	1.950485e-006	-1.223761e-002	1.223563e-002	1.985874e-006	-1.775773e-005	1.580724e-005	1.950485e-006	-1.775773e-005	1.580724e-005	1.950485e-006
1.767382812500000e+000	1.223012e-001	-1.916079e-001	1.223012e-001	1.223012e-001	3.625645e-012	-3.016605e-003	3.625645e-012	3.625645e-012	-3.628219e-012	-3.016605e-001	-3.628219e-012	-3.628219e-012	2.574321e-015	3.046771e-001	2.574321e-015	2.574321e-015	-4.751048e-005	-1.247327e-001	1.247802e-001	-2.659437e-005	2.464168e-005	1.952687e-006	-1.223761e-002	1.223563e-002	1.985874e-006	-2.659437e-005	2.464168e-005	1.952687e-006	-2.659437e-005	2.464168e-005	1.952687e-006
1.769335937500000e+000	1.222825e-001	-1.916079e-001	1.222825e-001	1.222825e-001	3.626120e-012	-3.016605e-003	3.626120e-012	3.626120e-012	-3.630320e-012	-3.016604e-001	-3.630320e-012	-3.630320e-012	4.199159e-015	3.046771e-001	4.199159e-015	4.199159e-015	-4.751046e-005	-1.247327e-001	1.247802e-001	-4.277178e-005	4.081689e-005	1.954891e-006	-1.223761e-002	1.223563e-002	1.985874e-006	-4.277178e-005	4.081689e-005	1.954891e-006	-4.277178e-005	4.081689e-005	1.954891e-006
1.771289062500000e+000	1.222504e-001	-1.916079e-001	1.222504e-001	1.222504e-001	3.623915e-012	-3.016605e-003	3.623915e-012	3.623915e-012	-3.631087e-012	-3.016604e-001	-3.631087e-012	-3.631087e-012	7.171547e-015	3.046771e-001	7.171547e-015	7.171547e-015	-4.751044e-005	-1.247326e-001	1.247801e-001	-7.234893e-005	7.039183e-005	1.957097e-006	-1.223761e-002	1.223563e-002	1.985874e-006	-7.234893e-005	7.039183e-005	1.957097e-006	-7.234893e-005	7.039183e-005	1.957097e-006
1.773242187500000e+000	1.221941e-001	-1.916080e-001	1.221941e-001	1.221941e-001	3.616878e-012	-3.016604e-003	3.616878e-012	3.616878e-012	-3.629456e-012	-3.016604e-001	-3.629456e-012	-3.629456e-012	1.257788e-014	3.046770e-001	1.257788e-014	1.257788e-014	-4.751041e-005	-1.247326e-001	1.247801e-001	-1.260843e-004	1.241250e-004	1.959303e-006	-1.223761e-002	1.223563e-002	1.985874e-006	-1.260843e-004	1.241250e-004	1.959303e-006	-1.260843e-004	1.241250e-004	1.959303e-006
1.775195312500000e+000	1.220953e-001	-1.916080e-001	1.220953e-001	1.220953e-001	3.601340e-012	-3.016604e-003	3.601340e-012	3.601340e-012	-3.623627e-012	-3.016604e-001	-3.623627e-012	-3.623627e-012	2.228684e-014	3.046770e-001	2.228684e-014	2.228684e-014	-4.751040e-005	-1.247326e-001	1.247801e-001	-2.223208e-004	2.203593e-004	1.961511e-006	-1.223761e-002	1.223563e-002	1.985874e-006	-2.223208e-004	2.203593e-004	1.961511e-006	-2.223208e-004	2.203593e-004	1.961511e-006
1.777148437500000e+000	1.219249e-001	-1.916080e-001	1.219249e-001	1.219249e-001	3.571468e-012	-3.016604e-003	3.571468e-012	3.571468e-012	-3.610837e-012	-3.016604e-001	-3.610837e-012	-3.610837e-012	3.936884e-014	3.046770e-001	3.936884e-014	3.936884e-014	-4.751037e-005	-1.247325e-001	1.247801e-001	-3.902051e-004	3.882414e-004	1.963718e-006	-1.223761e-002	1.223563e-002	1.985874e-006	-3.902051e-004	3.882414e-004	1.963718e-006	-3.902051e-004	3.882414e-004	1.963718e-006
1.779101562500000e+000	1.216415e-001	-1.916080e-001	1.216415e-001	1.216415e-001	3.518984e-012	-3.016604e-003	3.518984e-012	3.518984e-012	-3.588084e-012	-3.016604e-001	-3.588084e-012	-3.588084e-012	6.909978e-014	3.046770e-001	6.909978e-014	6.909978e-014	-4.751035e-005	-1.247325e-001	1.247800e-001	-6.710709e-004	6.691050e-004	1.965926e-006	-1.223761e-002	1.223562e-002	1.985874e-006	-6.710709e-004	6.691050e-004	1.965926e-006	-6.710709e-004	6.691050e-004	1.965926e-006
1.781054687500000e+000	1.211958e-001	-1.916080e-001	1.211958e-001	1.211958e-001	3.433847e-012	-3.016604e-003	3.433847e-012	3.433847e-012	-3.566662e-012	-3.016604e-001	-3.566662e-012	-3.566662e-012	1.328154e-013	3.046770e-001	1.328154e-013	1.328154e-013	-4.751033e-005	-1.247325e-001	1.247800e-001	-1.114309e-003	1.112341e-003	1.968132e-006	-1.223761e-002	1.223562e-002	1.985874e-006	-1.114309e-003	1.112341e-003	1.968132e-006	-1.114309e-003	1.112341e-003	1.968132e-006
1.783007812500000e+000	1.205417e-001	-1.916080e-001	1.205417e-001	1.205417e-001	3.301475e-012	-3.016604e-003	3.301475e-012	3.301475e-012	-4.081120e-012	-3.016604e-001	-4.081120e-012	-4.081120e-012	7.796452e-013	3.046770e-001	7.796452e-013	7.796452e-013	-4.751031e-005	-1.247325e-001	1.247800e-001	-1.765865e-003	1.763895e-003	1.970338e-006	-1.223761e-002	1.223562e-002	1.985874e-006	-1.765865e-003	1.763895e-003	1.970338e-006	-1.765865e-003	1.763895e-003	1.970338e-006
1.784960937500000e+000	1.196510e-001	-1.916080e-001	1.196510e-001	1.196510e-001	2.674632e-012	-3.016604e-003	2.674632e-012	2.674632e-012	-4.928606e-011	-3.016604e-001	-4.928606e-011	-4.928606e-011	4.661143e-011	3.046769e-001	4.661143e-011	4.661143e-011	-4.751029e-005	-1.247324e-001	1.247800e-001	-2.654043e-003	2.652071e-003	1.972540e-006	-1.223761e-002	1.223562e-002	1.985874e-006	-2.654043e-003	2.652071e-003	1.972540e-006	-2.654043e-003	2.652071e-003	1.972540e-006
1.786914062500000e+000	1.185206e-001	-1.916080e-001	1.185206e-001	1.185206e-001	-8.296169e-011	-3.016603e-003	-8.296169e-011	-8.296169e-011	-8.590622e-009	-3.016604e-001	-8.590622e-009	-8.590622e-009	8.673584e-009	3.046769e-001	8.673584e-009	8.673584e-009	-4.751027e-005	-1.247324e-001	1.247799e-001	-3.781880e-003	3.779905e-003	1.974740e-006	-1.223761e-002	1.223562e-002	1.985874e-006	-3.781880e-003	3.779905e-003	1.974740e-006	-3.781880e-003	3.779905e-003	1.974740e-006
1.788867187500000e+000	1.171661e-001	-1.916080e-001	1.171661e-001	1.171661e-001	-3.383232e-008	-3.016603e-003	-3.383232e-008	-3.383232e-008	-3.383500e-006	-3.016603e-001	-3.383500e-006	-3.383500e-006	3.417332e-006	3.046769e-001	3.417332e-006	3.417332e-006	-4.751025e-005	-1.247324e-001	1.247799e-001	-5.130530e-003	5.128553e-003	1.976938e-006	-1.223761e-002	1.223562e-002	1.985874e-006	-5.130530e-003	5.128553e-003	1.976938e-006	-5.130530e-003	5.128553e-003	1.976938e-006
1.790820312500000e+000	1.141000e-001	-1.916081e-001	1.141000e-001	1.141000e-001	-1.542775e-005	-3.016603e-003	-1.542775e-005	-1.542775e-005	-1.542776e-003	-3.016603e-001	-1.542776e-003	-1.542776e-003	1.558203e-003	3.046769e-001	1.558203e-003	1.558203e-003	-4.751023e-005	-1.247324e-001	1.247799e-001	-6.654698e-003	6.652719e-003	1.979116e-006	-1.223761e-002	1.223562e-002	1.985874e-006	-6.654698e-003	6.652719e-003	1.979116e-006	-6.654698e-003	6.652719e-003	1.979116e-006
1.792773437500000e+000	9.441431e-002	-1.916081e-001	9.441431e-002	9.441431e-002	-1.971184e-004	-3.016603e-003	-1.971184e-004	-1.971184e-004	-1.971184e-002	-3.016603e-001	-1.971184e-002	-1.971184e-002	1.990896e-002	3.046769e-001	1.990896e-002	1.990896e-002	-4.751021e-005	-1.247323e-001	1.247799e-001	-8.169107e-003	8.167126e-003	1.981095e-006	-1.223761e-002	1.223562e-002	1.985874e-006	-8.169107e-003	8.167126e-003	1.981095e-006	-8.169107e-003	8.167126e-003	1.981095e-006
1.794726562500000e+000	4.070715e-002	-1.916081e-001	4.070715e-002	4.070715e-002	-7.213666e-004	-3.016603e-003	-7.213666e-004	-7.213666e-004	-7.213666e-002	-3.016603e-001	-7.213666e-002	-7.213666e-002	7.285803e-002	3.046769e-001	7.285803e-002	7.285803e-002	-4.751020e-005	-1.247323e-001	1.247798e-001	-9.449650e-003	9.447668e-003	1.982668e-006	-1.223761e-002	1.223562e-002	1.985874e-006	-9.449650e-003	9.447668e-003	1.982668e-006	-9.449650e-003	9.447668e-003	1.982668e-006
1.796679687500000e+000	-3.900212e-002	-1.916081e-001	-3.900212e-002	-3.900212e-002	-1.507695e-003	-3.016603e-003	-1.507695e-003	-1.507695e-003	-1.507695e-001	-3.016603e-001	-1.507695e-001	-1.507695e-001	1.522772e-001	3.046769e-001	1.522772e-001	1.522772e-001	-4.751019e-005	-1.247323e-001	1.247798e-001	-1.052467e-002	1.052268e-002	1.983931e-006	-1.223761e-002	1.223562e-002	1.985874e-006	-1.052467e-002	1.052268e-002	1.983931e-006	-1.052467e-002	1.052268e-002	1.983931e-006
1.798632812500000e+000	-1.276499e-001	-1.916081e-001	-1.276499e-001	-1.276499e-001	-2.384037e-003	-3.016603e-003	-2.384037e-003	-2.384037e-003	-2.384037e-001	-3.016603e-001	-2.384037e-001	-2.384037e-001	2.407877e-001	3.046769e-001	2.407877e-001	2.407877e-001	-4.751018e-005	-1.247323e-001	1.247798e-001	-1.153688e-002	1.153489e-002	1.985088e-006	-1.223761e-002	1.223562e-002	1.985874e-006	-1.153688e-002	1.153489e-002	1.985088e-006	-1.153688e-002	1.153489e-002	1.985088e-006
1.800000000000000e+000	-1.915555e-001	-1.916080e-001	-1.915555e-001	-1.915555e-001	-3.016082e-003	-3.016601e-003	-3.016082e-003	-3.016082e-003	-3.016082e-001	-3.016601e-001	-3.016082e-001	-3.016082e-001	3.046243e-001	3.046767e-001	3.046243e-001	3.046243e-001	-4.751017e-005	-1.247323e-001	1.247798e-001	-1.223705e-002	1.223506e-002	1.985875e-006	-1.223761e-002	1.223562e-002	1.985874e-006	-1.223705e-002	1.223506e-002	1.985875e-006	-1.223705e-002	1.223506e-002	1.985875e-006
1.998632812500000e+000	-1.916081e-001	-1.916081e-001	-1.916081e-001	-1.916081e-001	-3.016603e-003	-3.016603e-003	-3.016603e-003	-3.016603e-003	-3.016603e-001	-3.016603e-001	-3.016603e-001	-3.016603e-001	3.046769e-001	3.046769e-001	3.046769e-001	3.046769e-001	-4.751017e-005	-1.247323e-001	1.247798e-001	-1.223761e-002	1.223562e-002	1.985874e-006	-1.223761e-002	1.223562e-002	1.985874e-006	-1.223761e-002	1.223562e-002	1.985874e-006	-1.223761e-002	1.223562e-002	1.985874e-006
2.000000000000000e+000	-1.916081e-001	-1.916081e-001	-1.916081e-001	-1.916081e-001	-3.016603e-003	-3.016603e-003	-3.016603e-003	-3.016603e-003	-3.016603e-001	-3.016603e-001	-3.016603e-001	-3.016603e-001	3.046769e-001	3.046769e-001	3.046769e-001	3.046769e-001	-4.751017e-005	-1.247323e-001	1.247798e-001	-1.223761e-002	1.223562e-002	1.985874e-006	-1.223761e-002	1.223562e-002	1.985874e-006	-1.223761e-002	1.223562e-002	1.985874e-006	-1.223761e-002	1.223562e-002	1.985874e-006
